JD,Band,Flux,Fluxerr,Mag,Magerr
2452125.57357,I,0.000673,0.000011,16.481914,0.017746
2452129.65448,I,0.000605,0.000006,16.597563,0.010768
2452132.59697,I,0.000652,0.000008,16.516333,0.013322
2452135.73455,I,0.000644,0.000007,16.529737,0.011801
2452140.69697,I,0.000662,0.000009,16.499807,0.014761
2452144.58508,I,0.000583,0.000008,16.637780,0.014899
2452160.56598,I,0.000560,0.000009,16.681481,0.017449
2452168.63373,I,0.000644,0.000009,16.529737,0.015173
2452175.60744,I,0.000568,0.000013,16.666081,0.024850
2452187.54287,I,0.000657,0.000008,16.508038,0.013221
2452206.53804,I,0.000568,0.000013,16.666081,0.024850
2452331.87897,I,0.000606,0.000008,16.595770,0.014333
2452355.85336,I,0.000599,0.000007,16.608384,0.012688
2452364.91082,I,0.000599,0.000008,16.608384,0.014501
2452372.81151,I,0.000613,0.000007,16.583300,0.012398
2452403.86618,I,0.000617,0.000007,16.576239,0.012318
2452411.81478,I,0.000643,0.000005,16.531424,0.008443
2452414.74643,I,0.000617,0.000007,16.576239,0.012318
2452416.78486,I,0.000632,0.000008,16.550159,0.013743
2452424.87923,I,0.000589,0.000010,16.626663,0.018434
2452428.7797,I,0.000565,0.000008,16.671830,0.015373
2452432.82419,I,0.000553,0.000009,16.695139,0.017670
2452434.69007,I,0.000618,0.000007,16.574480,0.012298
2452436.73841,I,0.000561,0.000007,16.679544,0.013548
2452438.71593,I,0.000507,0.000007,16.789432,0.014990
2452440.7491,I,0.000546,0.000007,16.708970,0.013920
2452443.71858,I,0.000485,0.000008,16.837597,0.017909
2452445.59955,I,0.000586,0.000006,16.632208,0.011117
2452448.59235,I,0.000552,0.000011,16.697104,0.021636
2452453.83949,I,0.000488,0.000008,16.830902,0.017799
2452456.55101,I,0.000537,0.000008,16.727016,0.016175
2452458.68793,I,0.000557,0.000007,16.687314,0.013645
2452460.76028,I,0.000600,0.000008,16.606573,0.014476
2452463.5095,I,0.000633,0.000008,16.548442,0.013722
2452466.71909,I,0.000488,0.000008,16.830902,0.017799
2452468.58845,I,0.000605,0.000006,16.597563,0.010768
2452470.59171,I,0.000593,0.000007,16.619315,0.012816
2452472.6277,I,0.000505,0.000007,16.793723,0.015050
2452481.49042,I,0.000625,0.000012,16.562252,0.020846
2452484.58968,I,0.000531,0.000009,16.739215,0.018402
2452486.68244,I,0.000572,0.000010,16.658461,0.018981
2452490.64896,I,0.000579,0.000009,16.645255,0.016877
2452493.61112,I,0.000602,0.000008,16.602960,0.014428
2452495.68249,I,0.000540,0.000006,16.720967,0.012064
2452497.76648,I,0.000522,0.000008,16.757775,0.016640
2452498.47585,I,0.000489,0.000006,16.828679,0.013322
2452500.50062,I,0.000475,0.000008,16.860218,0.018286
2452502.53342,I,0.000536,0.000007,16.729040,0.014179
2452508.63272,I,0.000566,0.000007,16.669910,0.013428
2452512.58017,I,0.000525,0.000008,16.751553,0.016545
2452517.62203,I,0.000538,0.000006,16.724996,0.012109
2452518.50688,I,0.000459,0.000008,16.897420,0.018924
2452518.60952,I,0.000489,0.000007,16.828679,0.015542
2452518.67999,I,0.000543,0.000008,16.714952,0.015996
2452520.54886,I,0.000519,0.000007,16.764033,0.014644
2452526.63785,I,0.000594,0.000007,16.617485,0.012795
2452537.6175,I,0.000601,0.000012,16.604765,0.021679
2452542.48486,I,0.000596,0.000009,16.613836,0.016395
2452547.55228,I,0.000587,0.000008,16.630356,0.014797
2452551.58975,I,0.000463,0.000010,16.887999,0.023450
2452556.5432,I,0.000471,0.000008,16.869399,0.018441
2452564.50037,I,0.000455,0.000009,16.906923,0.021476
2452575.4988,I,0.000566,0.000009,16.669910,0.017264
2452706.88547,I,0.000502,0.000006,16.800192,0.012977
2452714.86971,I,0.000562,0.000006,16.677611,0.011591
2452728.90091,I,0.000500,0.000008,16.804527,0.017372
2452733.88204,I,0.000521,0.000008,16.759857,0.016672
2452744.86964,I,0.000473,0.000007,16.864799,0.016068
2452753.85529,I,0.000584,0.000008,16.635919,0.014873
2452756.92484,I,0.000468,0.000007,16.876337,0.016240
2452760.86786,I,0.000563,0.000008,16.675681,0.015428
2452766.921,I,0.000519,0.000008,16.764033,0.016736
2452770.79179,I,0.000506,0.000008,16.791575,0.017166
2452783.73639,I,0.000504,0.000006,16.795875,0.012925
2452785.84837,I,0.000457,0.000008,16.902161,0.019006
2452786.90174,I,0.000578,0.000010,16.647132,0.018784
2452789.71198,I,0.000584,0.000007,16.635919,0.013014
2452791.69316,I,0.000514,0.000007,16.774544,0.014786
2452794.89726,I,0.000544,0.000008,16.712954,0.015967
2452796.77895,I,0.000558,0.000007,16.685366,0.013620
2452797.94162,I,0.000447,0.000007,16.926183,0.017003
2452803.61381,I,0.000512,0.000020,16.778777,0.042412
2452809.68511,I,0.000550,0.000007,16.701045,0.013818
2452810.85197,I,0.000475,0.000007,16.860218,0.016000
2452811.88376,I,0.000556,0.000008,16.689265,0.015622
2452813.68052,I,0.000498,0.000008,16.808878,0.017442
2452814.70276,I,0.000553,0.000007,16.695139,0.013743
2452816.56582,I,0.000507,0.000007,16.789432,0.014990
2452818.55332,I,0.000591,0.000009,16.622983,0.016534
2452820.71844,I,0.000568,0.000008,16.666081,0.015292
2452826.7189,I,0.000480,0.000007,16.848848,0.015834
2452834.75537,I,0.000517,0.000012,16.768225,0.025201
2452836.69982,I,0.000500,0.000008,16.804527,0.017372
2452837.59711,I,0.000469,0.000010,16.874019,0.023150
2452839.64535,I,0.000487,0.000009,16.833129,0.020065
2452841.65871,I,0.000525,0.000008,16.751553,0.016545
2452843.59364,I,0.000577,0.000007,16.649012,0.013172
2452849.79895,I,0.000509,0.000010,16.785157,0.021331
2452852.49586,I,0.000493,0.000010,16.819834,0.022023
2452854.49348,I,0.000582,0.000010,16.639644,0.018655
2452856.68315,I,0.000569,0.000008,16.664171,0.015265
2452858.64852,I,0.000615,0.000007,16.579764,0.012358
2452862.57507,I,0.000493,0.000008,16.819834,0.017618
2452865.68442,I,0.000575,0.000007,16.652782,0.013218
2452868.5642,I,0.000578,0.000007,16.647132,0.013149
2452871.67141,I,0.000608,0.000007,16.592193,0.012500
2452876.55499,I,0.000595,0.000007,16.615659,0.012773
2452879.59915,I,0.000584,0.000008,16.635919,0.014873
2452885.49405,I,0.000530,0.000009,16.741262,0.018437
2452894.60186,I,0.000624,0.000009,16.563990,0.015660
2452898.58674,I,0.000506,0.000008,16.791575,0.017166
2452904.55951,I,0.000623,0.000009,16.565731,0.015685
2452909.55404,I,0.000601,0.000008,16.604765,0.014452
2452917.59397,I,0.000626,0.000009,16.560516,0.015610
2452930.5366,I,0.000633,0.000008,16.548442,0.013722
2453051.87172,I,0.000686,0.000012,16.461141,0.018992
2453058.86504,I,0.000662,0.000007,16.499807,0.011481
2453063.88864,I,0.000694,0.000006,16.448553,0.009387
2453067.86351,I,0.000644,0.000007,16.529737,0.011801
2453070.82344,I,0.000626,0.000010,16.560516,0.017344
2453072.90228,I,0.000652,0.000007,16.516333,0.011657
2453075.79916,I,0.000643,0.000008,16.531424,0.013508
2453079.85563,I,0.000723,0.000008,16.404106,0.012014
2453082.81848,I,0.000707,0.000007,16.428403,0.010750
2453084.87409,I,0.000737,0.000007,16.383283,0.010312
2453086.80811,I,0.000699,0.000006,16.440759,0.009320
2453088.76512,I,0.000650,0.000006,16.519668,0.010022
2453089.87507,I,0.000777,0.000007,16.325899,0.009781
2453091.79226,I,0.000647,0.000007,16.524691,0.011747
2453091.80968,I,0.000664,0.000007,16.496531,0.011446
2453091.83158,I,0.000676,0.000007,16.477085,0.011243
2453091.85341,I,0.000685,0.000007,16.462725,0.011095
2453091.87147,I,0.000693,0.000006,16.450118,0.009400
2453091.89816,I,0.000711,0.000007,16.422278,0.010689
2453091.91365,I,0.000705,0.000007,16.431479,0.010780
2453092.75601,I,0.000763,0.000009,16.345640,0.012807
2453092.7719,I,0.000766,0.000008,16.341380,0.011339
2453092.79549,I,0.000763,0.000010,16.345640,0.014230
2453092.83286,I,0.000745,0.000010,16.371561,0.014574
2453092.90821,I,0.000720,0.000010,16.408620,0.015080
2453093.88409,I,0.000657,0.000008,16.508038,0.013221
2453093.91291,I,0.000650,0.000010,16.519668,0.016704
2453096.74554,I,0.000627,0.000008,16.558783,0.013853
2453096.80614,I,0.000674,0.000007,16.480302,0.011276
2453096.82974,I,0.000689,0.000008,16.456403,0.012607
2453096.87708,I,0.000711,0.000008,16.422278,0.012216
2453096.90942,I,0.000734,0.000008,16.387711,0.011834
2453097.74452,I,0.000742,0.000008,16.375942,0.011706
2453097.79936,I,0.000740,0.000010,16.378872,0.014672
2453097.81151,I,0.000722,0.000007,16.405609,0.010527
2453097.86475,I,0.000719,0.000007,16.410129,0.010570
2453097.91196,I,0.000709,0.000007,16.425336,0.010720
2453098.73465,I,0.000675,0.000007,16.478692,0.011259
2453098.79603,I,0.000644,0.000007,16.529737,0.011801
2453098.85588,I,0.000622,0.000006,16.567476,0.010473
2453098.87359,I,0.000630,0.000006,16.553600,0.010340
2453098.9118,I,0.000637,0.000006,16.541603,0.010227
2453099.71461,I,0.000694,0.000009,16.448553,0.014080
2453099.77459,I,0.000707,0.000009,16.428403,0.013821
2453099.84118,I,0.000744,0.000009,16.373019,0.013134
2453099.87613,I,0.000732,0.000010,16.390674,0.014832
2453099.90942,I,0.000766,0.000009,16.341380,0.012757
2453100.73775,I,0.000726,0.000008,16.399610,0.011964
2453100.77321,I,0.000713,0.000007,16.419228,0.010659
2453100.82754,I,0.000682,0.000006,16.467491,0.009552
2453100.91212,I,0.000651,0.000007,16.517999,0.011675
2453101.73129,I,0.000610,0.000010,16.588627,0.017799
2453101.81774,I,0.000655,0.000007,16.511348,0.011603
2453101.90752,I,0.000698,0.000007,16.442313,0.010888
2453102.70382,I,0.000747,0.000008,16.368650,0.011628
2453102.7909,I,0.000773,0.000007,16.331503,0.009832
2453102.84966,I,0.000742,0.000008,16.375942,0.011706
2453102.90976,I,0.000721,0.000007,16.407113,0.010541
2453103.75327,I,0.000671,0.000009,16.485145,0.014563
2453103.87918,I,0.000644,0.000007,16.529737,0.011801
2453104.72642,I,0.000674,0.000014,16.480302,0.022552
2453104.89758,I,0.000745,0.000018,16.371561,0.026233
2453106.79861,I,0.000662,0.000009,16.499807,0.014761
2453107.75646,I,0.000748,0.000008,16.367198,0.011612
2453108.7362,I,0.000684,0.000006,16.464311,0.009524
2453109.76278,I,0.000707,0.000007,16.428403,0.010750
2453110.80225,I,0.000738,0.000007,16.381811,0.010298
2453111.83628,I,0.000647,0.000007,16.524691,0.011747
2453112.80956,I,0.000765,0.000006,16.342798,0.008516
2453113.84342,I,0.000672,0.000007,16.483528,0.011310
2453114.75355,I,0.000672,0.000006,16.483528,0.009694
2453115.83608,I,0.000718,0.000007,16.411640,0.010585
2453118.89759,I,0.000630,0.000007,16.553600,0.012064
2453122.88106,I,0.000767,0.000010,16.339963,0.014156
2453125.83765,I,0.000779,0.000009,16.323108,0.012544
2453126.86696,I,0.000661,0.000007,16.501448,0.011498
2453127.77252,I,0.000753,0.000008,16.359964,0.011535
2453128.79089,I,0.000751,0.000007,16.362852,0.010120
2453129.76558,I,0.000674,0.000007,16.480302,0.011276
2453131.65319,I,0.000775,0.000011,16.328697,0.015410
2453134.73337,I,0.000673,0.000012,16.481914,0.019359
2453134.85072,I,0.000691,0.000010,16.453256,0.015713
2453135.83375,I,0.000821,0.000007,16.266094,0.009257
2453137.90936,I,0.000774,0.000007,16.330099,0.009819
2453138.7936,I,0.000782,0.000007,16.318935,0.009719
2453139.83779,I,0.000688,0.000006,16.457980,0.009469
2453140.8452,I,0.000802,0.000007,16.291516,0.009477
2453142.73738,I,0.000712,0.000007,16.420752,0.010674
2453144.758,I,0.000670,0.000007,16.486765,0.011344
2453146.73602,I,0.000745,0.000009,16.371561,0.013116
2453151.72026,I,0.000774,0.000009,16.330099,0.012625
2453152.72404,I,0.000675,0.000007,16.478692,0.011259
2453152.93738,I,0.000796,0.000010,16.299669,0.013640
2453153.72799,I,0.000798,0.000009,16.296944,0.012245
2453154.78894,I,0.000677,0.000009,16.475480,0.014434
2453156.7715,I,0.000750,0.000009,16.364298,0.013029
2453158.84207,I,0.000791,0.000009,16.306510,0.012354
2453162.78299,I,0.000698,0.000008,16.442313,0.012444
2453163.74431,I,0.000799,0.000007,16.295585,0.009512
2453164.70259,I,0.000753,0.000007,16.359964,0.010093
2453165.7739,I,0.000766,0.000006,16.341380,0.008504
2453166.86179,I,0.000740,0.000010,16.378872,0.014672
2453168.56152,I,0.000710,0.000008,16.423806,0.012234
2453168.89976,I,0.000808,0.000008,16.283423,0.010750
2453169.69637,I,0.000766,0.000008,16.341380,0.011339
2453170.77406,I,0.000744,0.000007,16.373019,0.010215
2453171.86796,I,0.000765,0.000006,16.342798,0.008516
2453172.71717,I,0.000702,0.000006,16.436109,0.009280
2453174.68012,I,0.000802,0.000006,16.291516,0.008123
2453175.68943,I,0.000674,0.000006,16.480302,0.009665
2453178.7506,I,0.000809,0.000008,16.282080,0.010737
2453179.76358,I,0.000728,0.000007,16.396623,0.010440
2453180.67631,I,0.000670,0.000006,16.486765,0.009723
2453182.74347,I,0.000694,0.000007,16.448553,0.010951
2453183.702,I,0.000754,0.000008,16.358523,0.011520
2453184.66949,I,0.000839,0.000006,16.242547,0.007765
2453185.82551,I,0.000750,0.000008,16.364298,0.011581
2453193.50321,I,0.000718,0.000010,16.411640,0.015122
2453194.61267,I,0.000817,0.000008,16.271396,0.010631
2453195.66915,I,0.000697,0.000007,16.443870,0.010904
2453196.71289,I,0.000801,0.000008,16.292870,0.010844
2453197.49596,I,0.000849,0.000008,16.229682,0.010231
2453197.61284,I,0.000826,0.000007,16.259501,0.009201
2453197.77511,I,0.000739,0.000007,16.380340,0.010284
2453199.75761,I,0.000816,0.000009,16.272726,0.011975
2453201.50034,I,0.000685,0.000007,16.462725,0.011095
2453202.50844,I,0.000811,0.000007,16.279399,0.009371
2453203.62942,I,0.000695,0.000006,16.446990,0.009373
2453204.5903,I,0.000920,0.000007,16.142482,0.008261
2453205.73202,I,0.000705,0.000006,16.431479,0.009240
2453206.63961,I,0.000731,0.000007,16.392158,0.010397
2453209.68268,I,0.000848,0.000009,16.230962,0.011523
2453210.62774,I,0.000803,0.000007,16.290163,0.009465
2453211.70228,I,0.000830,0.000010,16.254256,0.013081
2453217.62212,I,0.000902,0.000007,16.163935,0.008426
2453218.62149,I,0.000739,0.000008,16.380340,0.011754
2453219.72334,I,0.000860,0.000011,16.215705,0.013887
2453223.61887,I,0.000803,0.000010,16.290163,0.013521
2453224.66862,I,0.000850,0.000007,16.228404,0.008941
2453226.58182,I,0.000739,0.000008,16.380340,0.011754
2453228.56999,I,0.000818,0.000008,16.270068,0.010618
2453229.59811,I,0.000756,0.000006,16.355647,0.008617
2453230.63675,I,0.000861,0.000006,16.214444,0.007566
2453231.53776,I,0.000763,0.000008,16.345640,0.011384
2453232.56639,I,0.000823,0.000011,16.263452,0.014512
2453238.57667,I,0.000839,0.000008,16.242547,0.010353
2453238.58732,I,0.000832,0.000008,16.251643,0.010440
2453238.70357,I,0.000730,0.000009,16.393644,0.013386
2453239.54708,I,0.000720,0.000007,16.408620,0.010556
2453239.63725,I,0.000754,0.000008,16.358523,0.011520
2453240.6238,I,0.000878,0.000009,16.193215,0.011129
2453241.62281,I,0.000750,0.000012,16.364298,0.017372
2453245.51721,I,0.000836,0.000009,16.246436,0.011689
2453246.62928,I,0.000744,0.000010,16.373019,0.014593
2453247.64476,I,0.000885,0.000008,16.184593,0.009815
2453249.49634,I,0.000740,0.000008,16.378872,0.011738
2453250.62392,I,0.000898,0.000008,16.168761,0.009672
2453253.61723,I,0.000868,0.000009,16.205652,0.011258
2453256.60011,I,0.000767,0.000008,16.339963,0.011324
2453259.59229,I,0.000742,0.000009,16.375942,0.013169
2453267.4993,I,0.000777,0.000009,16.325899,0.012576
2453271.58488,I,0.000913,0.000017,16.150775,0.020216
2453274.59871,I,0.000777,0.000009,16.325899,0.012576
2453278.57045,I,0.000863,0.000008,16.211925,0.010065
2453281.5512,I,0.000863,0.000008,16.211925,0.010065
2453281.58627,I,0.000865,0.000006,16.209411,0.007531
2453293.48761,I,0.000812,0.000008,16.278061,0.010697
2453295.49209,I,0.000688,0.000006,16.457980,0.009469
2453299.49546,I,0.000923,0.000006,16.138947,0.007058
2453312.50456,I,0.000853,0.000012,16.224579,0.015274
2453416.8717,I,0.000895,0.000007,16.172394,0.008492
2453421.86847,I,0.000843,0.000008,16.237383,0.010304
2453425.88793,I,0.000812,0.000008,16.278061,0.010697
2453428.88394,I,0.000781,0.000007,16.320324,0.009731
2453432.85756,I,0.000984,0.000008,16.069464,0.008827
2453442.8582,I,0.001028,0.000009,16.021969,0.009505
2453444.91111,I,0.000966,0.000007,16.089509,0.007868
2453447.82425,I,0.001005,0.000007,16.046536,0.007562
2453449.83712,I,0.000967,0.000007,16.088385,0.007860
2453452.85771,I,0.001030,0.000007,16.019858,0.007379
2453454.91123,I,0.000912,0.000008,16.151964,0.009524
2453458.77034,I,0.000881,0.000007,16.189512,0.008627
2453459.81799,I,0.000840,0.000007,16.241253,0.009048
2453468.84673,I,0.000820,0.000006,16.267417,0.007944
2453469.85365,I,0.000831,0.000006,16.252949,0.007839
2453471.88118,I,0.000743,0.000008,16.374480,0.011690
2453473.84917,I,0.000826,0.000008,16.259501,0.010516
2453474.87259,I,0.000857,0.000007,16.219499,0.008868
2453476.74533,I,0.000861,0.000006,16.214444,0.007566
2453478.76107,I,0.000960,0.000007,16.096273,0.007917
2453479.89829,I,0.000909,0.000006,16.155542,0.007167
2453481.789,I,0.000831,0.000006,16.252949,0.007839
2453484.74478,I,0.000767,0.000009,16.339963,0.012740
2453496.6932,I,0.000945,0.000007,16.113372,0.008042
2453497.76062,I,0.000823,0.000008,16.263452,0.010554
2453499.71816,I,0.000805,0.000006,16.287462,0.008092
2453500.70098,I,0.000862,0.000006,16.213183,0.007557
2453501.73897,I,0.000896,0.000007,16.171182,0.008482
2453502.73758,I,0.000783,0.000006,16.317547,0.008320
2453503.66413,I,0.000926,0.000006,16.135424,0.007035
2453504.84322,I,0.000773,0.000006,16.331503,0.008427
2453506.85492,I,0.000825,0.000008,16.260817,0.010528
2453508.72132,I,0.000974,0.000009,16.080554,0.010032
2453509.75189,I,0.000839,0.000007,16.242547,0.009059
2453510.89218,I,0.000965,0.000006,16.090633,0.006751
2453511.80402,I,0.000897,0.000007,16.169970,0.008473
2453512.82746,I,0.000882,0.000007,16.188280,0.008617
2453517.82712,I,0.000840,0.000008,16.241253,0.010340
2453520.78436,I,0.000913,0.000007,16.150775,0.008324
2453522.7103,I,0.000795,0.000005,16.301034,0.006829
2453523.77143,I,0.000981,0.000006,16.072779,0.006641
2453523.91613,I,0.000951,0.000011,16.106500,0.012558
2453524.67356,I,0.000983,0.000007,16.070568,0.007732
2453525.66766,I,0.000832,0.000006,16.251643,0.007830
2453526.72042,I,0.000999,0.000006,16.053038,0.006521
2453527.75423,I,0.000835,0.000006,16.247735,0.007802
2453528.69512,I,0.000990,0.000006,16.062864,0.006580
2453529.65308,I,0.000952,0.000006,16.105359,0.006843
2453530.66115,I,0.000827,0.000006,16.258188,0.007877
2453538.63939,I,0.000937,0.000007,16.122603,0.008111
2453540.6266,I,0.000820,0.000008,16.267417,0.010593
2453544.82633,I,0.000868,0.000008,16.205652,0.010007
2453547.75787,I,0.000805,0.000007,16.287462,0.009441
2453550.60472,I,0.000821,0.000008,16.266094,0.010580
2453551.60705,I,0.000947,0.000005,16.111077,0.005733
2453552.63717,I,0.000897,0.000006,16.169970,0.007262
2453554.71678,I,0.000985,0.000009,16.068361,0.009920
2453555.78099,I,0.000807,0.000009,16.284768,0.012109
2453556.69315,I,0.000959,0.000006,16.097405,0.006793
2453558.50396,I,0.000815,0.000007,16.274058,0.009325
2453558.80264,I,0.000995,0.000007,16.057394,0.007638
2453559.58552,I,0.000983,0.000007,16.070568,0.007732
2453560.57392,I,0.000902,0.000007,16.163935,0.008426
2453561.51802,I,0.000869,0.000007,16.204402,0.008746
2453562.55868,I,0.001005,0.000007,16.046536,0.007562
2453562.81003,I,0.000846,0.000008,16.233526,0.010267
2453563.61288,I,0.000826,0.000006,16.259501,0.007887
2453564.59461,I,0.001089,0.000008,15.959382,0.007976
2453569.53138,I,0.000998,0.000010,16.054125,0.010879
2453573.6218,I,0.000877,0.000009,16.194453,0.011142
2453574.66278,I,0.001124,0.000008,15.925036,0.007728
2453575.51034,I,0.000984,0.000007,16.069464,0.007724
2453576.66428,I,0.000974,0.000007,16.080554,0.007803
2453577.73197,I,0.000986,0.000007,16.067259,0.007708
2453578.63715,I,0.000866,0.000006,16.208157,0.007522
2453579.59446,I,0.000983,0.000006,16.070568,0.006627
2453579.76218,I,0.000956,0.000008,16.100807,0.009086
2453580.62423,I,0.000950,0.000007,16.107643,0.008000
2453581.64769,I,0.000978,0.000007,16.076104,0.007771
2453582.59578,I,0.000996,0.000006,16.056303,0.006541
2453583.60978,I,0.000812,0.000007,16.278061,0.009360
2453584.61852,I,0.001059,0.000008,15.989712,0.008202
2453585.60882,I,0.000885,0.000007,16.184593,0.008588
2453586.65457,I,0.000868,0.000006,16.205652,0.007505
2453589.64722,I,0.000935,0.000006,16.124923,0.006967
2453590.61612,I,0.000909,0.000007,16.155542,0.008361
2453592.62298,I,0.000959,0.000006,16.097405,0.006793
2453593.64412,I,0.000799,0.000007,16.295585,0.009512
2453594.68106,I,0.001010,0.000007,16.041148,0.007525
2453601.62321,I,0.000899,0.000007,16.167552,0.008454
2453602.63925,I,0.000975,0.000008,16.079440,0.008909
2453603.61331,I,0.000870,0.000007,16.203153,0.008736
2453606.64021,I,0.000844,0.000009,16.236095,0.011578
2453607.61163,I,0.001104,0.000007,15.944529,0.006884
2453608.61854,I,0.000850,0.000007,16.228404,0.008941
2453616.56172,I,0.000851,0.000009,16.227128,0.011483
2453618.5384,I,0.000909,0.000007,16.155542,0.008361
2453619.56299,I,0.000884,0.000007,16.185821,0.008597
2453621.56257,I,0.000853,0.000008,16.224579,0.010183
2453628.53654,I,0.000915,0.000009,16.148399,0.010679
2453629.62118,I,0.000888,0.000008,16.180919,0.009781
2453631.50608,I,0.000785,0.000009,16.314777,0.012448
2453633.51918,I,0.000934,0.000009,16.126084,0.010462
2453637.61536,I,0.001056,0.000009,15.992792,0.009253
2453639.56891,I,0.000869,0.000006,16.204402,0.007496
2453641.52105,I,0.000846,0.000009,16.233526,0.011550
2453643.59741,I,0.000910,0.000011,16.154348,0.013124
2453648.51328,I,0.000983,0.000007,16.070568,0.007732
2453650.55067,I,0.001092,0.000008,15.956395,0.007954
2453654.52252,I,0.000826,0.000011,16.259501,0.014459
2453655.49601,I,0.000953,0.000008,16.104219,0.009114
2453657.50865,I,0.000944,0.000008,16.114522,0.009201
2453660.50281,I,0.001087,0.000009,15.961378,0.008990
2453662.50804,I,0.000881,0.000008,16.189512,0.009859
2453666.53554,I,0.000875,0.000007,16.196931,0.008686
2453775.88427,I,0.000947,0.000009,16.111077,0.010319
2453781.86972,I,0.000851,0.000010,16.227128,0.012758
2453784.85359,I,0.000967,0.000007,16.088385,0.007860
2453787.84422,I,0.001059,0.000008,15.989712,0.008202
2453790.87497,I,0.001019,0.000008,16.031516,0.008524
2453792.87156,I,0.001003,0.000006,16.048699,0.006495
2453794.82854,I,0.000933,0.000008,16.127247,0.009310
2453796.81673,I,0.000909,0.000008,16.155542,0.009555
2453797.90797,I,0.001148,0.000008,15.902097,0.007566
2453799.86289,I,0.000954,0.000008,16.103081,0.009105
2453800.88921,I,0.001150,0.000007,15.900207,0.006609
2453801.87146,I,0.000910,0.000008,16.154348,0.009545
2453802.83698,I,0.001021,0.000008,16.029387,0.008507
2453803.87229,I,0.001021,0.000007,16.029387,0.007444
2453805.7883,I,0.001010,0.000008,16.041148,0.008600
2453806.80842,I,0.000911,0.000008,16.153156,0.009534
2453807.82211,I,0.001088,0.000008,15.960379,0.007983
2453808.78184,I,0.000993,0.000007,16.059578,0.007654
2453809.78465,I,0.000885,0.000007,16.184593,0.008588
2453810.82921,I,0.001142,0.000007,15.907786,0.006655
2453811.82522,I,0.000882,0.000007,16.188280,0.008617
2453812.81699,I,0.000978,0.000008,16.076104,0.008881
2453813.79563,I,0.001096,0.000007,15.952425,0.006934
2453814.80985,I,0.000895,0.000007,16.172394,0.008492
2453817.84404,I,0.001101,0.000008,15.947483,0.007889
2453818.872,I,0.000940,0.000007,16.119132,0.008085
2453819.78762,I,0.000861,0.000006,16.214444,0.007566
2453820.75795,I,0.001113,0.000007,15.935714,0.006829
2453821.75846,I,0.000917,0.000007,16.146028,0.008288
2453822.80053,I,0.000961,0.000007,16.095143,0.007909
2453823.75657,I,0.001052,0.000007,15.996912,0.007224
2453824.77406,I,0.000829,0.000007,16.255565,0.009168
2453825.7915,I,0.001010,0.000008,16.041148,0.008600
2453826.76764,I,0.000908,0.000007,16.156737,0.008370
2453827.78735,I,0.000988,0.000007,16.065059,0.007692
2453828.76089,I,0.001037,0.000009,16.012505,0.009423
2453829.79623,I,0.000840,0.000007,16.241253,0.009048
2453830.71792,I,0.001132,0.000007,15.917335,0.006714
2453831.71797,I,0.000966,0.000006,16.089509,0.006744
2453832.73951,I,0.000923,0.000007,16.138947,0.008234
2453833.74723,I,0.001151,0.000007,15.899263,0.006603
2453834.72833,I,0.000881,0.000007,16.189512,0.008627
2453835.72193,I,0.001066,0.000008,15.982559,0.008148
2453835.90798,I,0.001077,0.000007,15.971412,0.007057
2453836.75032,I,0.001054,0.000011,15.994850,0.011331
2453836.91802,I,0.000886,0.000007,16.183367,0.008578
2453837.71686,I,0.000971,0.000008,16.083903,0.008945
2453837.88909,I,0.001177,0.000007,15.875010,0.006457
2453838.72432,I,0.001030,0.000010,16.019858,0.010541
2453839.72566,I,0.000955,0.000010,16.101943,0.011369
2453839.91289,I,0.001028,0.000009,16.021969,0.009505
2453840.74417,I,0.001220,0.000008,15.836052,0.007120
2453840.89646,I,0.001206,0.000008,15.848583,0.007202
2453841.70711,I,0.001046,0.000008,16.003122,0.008304
2453841.92704,I,0.000993,0.000007,16.059578,0.007654
2453842.82963,I,0.000988,0.000006,16.065059,0.006594
2453845.70533,I,0.001074,0.000012,15.974441,0.012131
2453845.89004,I,0.001080,0.000013,15.968392,0.013069
2453846.68579,I,0.001122,0.000009,15.926969,0.008709
2453847.78259,I,0.001073,0.000009,15.975452,0.009107
2453848.73749,I,0.001069,0.000009,15.979507,0.009141
2453849.73397,I,0.000983,0.000007,16.070568,0.007732
2453850.67989,I,0.001128,0.000007,15.921179,0.006738
2453850.85244,I,0.001218,0.000008,15.837833,0.007131
2453850.9239,I,0.001154,0.000009,15.896437,0.008468
2453851.69564,I,0.000977,0.000007,16.077215,0.007779
2453851.85892,I,0.000907,0.000008,16.157933,0.009577
2453852.68436,I,0.000904,0.000007,16.161530,0.008407
2453852.91288,I,0.001009,0.000007,16.042224,0.007532
2453853.67267,I,0.001109,0.000007,15.939623,0.006853
2453853.84033,I,0.001017,0.000006,16.033649,0.006406
2453853.91182,I,0.000950,0.000006,16.107643,0.006857
2453854.68928,I,0.000872,0.000007,16.200660,0.008716
2453856.66266,I,0.001069,0.000007,15.979507,0.007110
2453856.82901,I,0.000930,0.000007,16.130744,0.008172
2453857.90015,I,0.001106,0.000007,15.942564,0.006872
2453858.71919,I,0.001025,0.000008,16.025142,0.008474
2453859.78175,I,0.000866,0.000006,16.208157,0.007522
2453860.79796,I,0.001077,0.000009,15.971412,0.009073
2453861.65155,I,0.000988,0.000008,16.065059,0.008791
2453861.75851,I,0.000924,0.000007,16.137772,0.008225
2453862.65658,I,0.000853,0.000007,16.224579,0.008910
2453862.84695,I,0.000957,0.000006,16.099672,0.006807
2453862.92062,I,0.000997,0.000007,16.055214,0.007623
2453863.6728,I,0.001099,0.000007,15.949457,0.006916
2453863.8925,I,0.000932,0.000006,16.128412,0.006990
2453864.66168,I,0.000862,0.000007,16.213183,0.008817
2453864.85273,I,0.000866,0.000006,16.208157,0.007522
2453865.72022,I,0.000995,0.000007,16.057394,0.007638
2453865.86375,I,0.001016,0.000007,16.034717,0.007480
2453865.93273,I,0.000966,0.000007,16.089509,0.007868
2453866.67186,I,0.001034,0.000008,16.015650,0.008400
2453866.81139,I,0.000901,0.000007,16.165140,0.008435
2453866.8896,I,0.000838,0.000007,16.243842,0.009069
2453867.68666,I,0.000874,0.000006,16.198173,0.007454
2453867.87229,I,0.001081,0.000007,15.967387,0.007031
2453868.69457,I,0.001028,0.000009,16.021969,0.009505
2453868.83867,I,0.000957,0.000008,16.099672,0.009076
2453868.91851,I,0.000904,0.000007,16.161530,0.008407
2453869.67208,I,0.000895,0.000007,16.172394,0.008492
2453869.85461,I,0.000881,0.000008,16.189512,0.009859
2453872.86926,I,0.001036,0.000008,16.013552,0.008384
2453873.67855,I,0.001234,0.000008,15.823664,0.007039
2453873.81999,I,0.001178,0.000008,15.874088,0.007373
2453873.89182,I,0.001092,0.000008,15.956395,0.007954
2453874.72948,I,0.000895,0.000007,16.172394,0.008492
2453874.90352,I,0.001005,0.000007,16.046536,0.007562
2453875.69819,I,0.001039,0.000006,16.010413,0.006270
2453875.84507,I,0.001076,0.000007,15.972421,0.007063
2453876.61722,I,0.001219,0.000007,15.836942,0.006235
2453877.69409,I,0.000966,0.000006,16.089509,0.006744
2453877.73154,I,0.000995,0.000006,16.057394,0.006547
2453877.77791,I,0.001060,0.000006,15.988687,0.006146
2453877.80466,I,0.001085,0.000007,15.963377,0.007005
2453877.84284,I,0.001142,0.000007,15.907786,0.006655
2453877.87856,I,0.001171,0.000008,15.880559,0.007417
2453877.91691,I,0.001196,0.000009,15.857624,0.008170
2453877.93494,I,0.001226,0.000009,15.830725,0.007970
2453879.63033,I,0.001071,0.000005,15.977478,0.005069
2453879.635,I,0.001053,0.000006,15.995881,0.006187
2453879.6501,I,0.001033,0.000007,16.016701,0.007357
2453879.92118,I,0.000995,0.000007,16.057394,0.007638
2453879.92857,I,0.000993,0.000008,16.059578,0.008747
2453879.9361,I,0.001017,0.000009,16.033649,0.009608
2453879.93994,I,0.001038,0.000009,16.011458,0.009414
2453880.59363,I,0.000974,0.000005,16.080554,0.005574
2453880.59732,I,0.000973,0.000005,16.081669,0.005579
2453880.60823,I,0.001005,0.000006,16.046536,0.006482
2453880.6319,I,0.001024,0.000006,16.026202,0.006362
2453880.69055,I,0.001094,0.000006,15.954408,0.005955
2453880.69478,I,0.001085,0.000006,15.963377,0.006004
2453880.70422,I,0.001096,0.000007,15.952425,0.006934
2453880.71455,I,0.001117,0.000007,15.931819,0.006804
2453880.76953,I,0.001171,0.000006,15.880559,0.005563
2453880.80496,I,0.001193,0.000008,15.860350,0.007281
2453880.81935,I,0.001199,0.000008,15.854904,0.007244
2453880.85547,I,0.001190,0.000008,15.863084,0.007299
2453880.8984,I,0.001176,0.000008,15.875933,0.007386
2453880.93321,I,0.001162,0.000007,15.888936,0.006541
2453881.59988,I,0.001034,0.000009,16.015650,0.009450
2453881.60467,I,0.001021,0.000008,16.029387,0.008507
2453881.64489,I,0.001002,0.000006,16.049782,0.006501
2453881.73776,I,0.000969,0.000006,16.086142,0.006723
2453881.8231,I,0.000951,0.000006,16.106500,0.006850
2453881.86036,I,0.000921,0.000006,16.141302,0.007073
2453881.90698,I,0.000926,0.000006,16.135424,0.007035
2453882.57388,I,0.000987,0.000010,16.066159,0.011000
2453882.62981,I,0.000911,0.000007,16.153156,0.008343
2453882.67281,I,0.000922,0.000007,16.140124,0.008243
2453882.78332,I,0.000984,0.000006,16.069464,0.006620
2453882.8572,I,0.001032,0.000007,16.017752,0.007364
2453882.92588,I,0.001070,0.000007,15.978492,0.007103
2453883.58003,I,0.001148,0.000010,15.902097,0.009458
2453883.61735,I,0.001153,0.000008,15.897378,0.007533
2453883.68386,I,0.001213,0.000008,15.842300,0.007161
2453883.81443,I,0.001145,0.000007,15.904938,0.006638
2453886.57672,I,0.001214,0.000008,15.841405,0.007155
2453886.77789,I,0.001000,0.000006,16.051952,0.006514
2453886.85321,I,0.000936,0.000007,16.123762,0.008120
2453887.63051,I,0.000914,0.000007,16.149586,0.008315
2453887.75686,I,0.000969,0.000006,16.086142,0.006723
2453887.86104,I,0.001117,0.000007,15.931819,0.006804
2453887.93307,I,0.001178,0.000008,15.874088,0.007373
2453889.64449,I,0.001008,0.000007,16.043300,0.007540
2453889.91933,I,0.000975,0.000007,16.079440,0.007795
2453891.65387,I,0.001000,0.000006,16.051952,0.006514
2453891.7756,I,0.000935,0.000009,16.124923,0.010451
2453891.85786,I,0.000917,0.000008,16.146028,0.009472
2453892.72051,I,0.000914,0.000007,16.149586,0.008315
2453892.90939,I,0.001040,0.000008,16.009368,0.008352
2453893.59127,I,0.001106,0.000008,15.942564,0.007853
2453893.83776,I,0.001111,0.000009,15.937666,0.008795
2453894.64873,I,0.000926,0.000009,16.135424,0.010553
2453894.86401,I,0.000903,0.000008,16.162732,0.009619
2453896.58475,I,0.001128,0.000010,15.921179,0.009625
2453896.8421,I,0.000902,0.000011,16.163935,0.013241
2453900.51254,I,0.000854,0.000009,16.223307,0.011442
2453900.69791,I,0.001049,0.000009,16.000013,0.009315
2453900.78226,I,0.001094,0.000008,15.954408,0.007940
2453900.85078,I,0.001111,0.000007,15.937666,0.006841
2453901.52733,I,0.001009,0.000008,16.042224,0.008608
2453901.70357,I,0.000973,0.000007,16.081669,0.007811
2453901.78134,I,0.000924,0.000007,16.137772,0.008225
2453901.85443,I,0.000888,0.000007,16.180919,0.008559
2453902.53893,I,0.000936,0.000008,16.123762,0.009280
2453902.72595,I,0.000905,0.000008,16.160330,0.009598
2453902.78944,I,0.000963,0.000007,16.092886,0.007892
2453902.82653,I,0.000993,0.000008,16.059578,0.008747
2453902.83882,I,0.001006,0.000008,16.045457,0.008634
2453902.87189,I,0.001019,0.000008,16.031516,0.008524
2453902.88688,I,0.001026,0.000009,16.024083,0.009524
2453902.90217,I,0.001039,0.000011,16.010413,0.011495
2453903.62199,I,0.001106,0.000007,15.942564,0.006872
2453903.6309,I,0.001123,0.000007,15.926002,0.006768
2453903.64618,I,0.001133,0.000008,15.916377,0.007666
2453903.65788,I,0.001141,0.000007,15.908737,0.006661
2453903.67547,I,0.001134,0.000007,15.915419,0.006702
2453903.69024,I,0.001144,0.000007,15.905886,0.006643
2453903.70481,I,0.001146,0.000007,15.903990,0.006632
2453903.71991,I,0.001142,0.000007,15.907786,0.006655
2453903.74076,I,0.001135,0.000007,15.914462,0.006696
2453903.75389,I,0.001139,0.000007,15.910642,0.006673
2453903.7598,I,0.001125,0.000007,15.924070,0.006756
2453903.76874,I,0.001125,0.000007,15.924070,0.006756
2453903.78069,I,0.001119,0.000007,15.929876,0.006792
2453903.78957,I,0.001091,0.000008,15.957390,0.007961
2453903.80202,I,0.001097,0.000008,15.951435,0.007918
2453903.81235,I,0.001095,0.000007,15.953416,0.006941
2453903.82448,I,0.001085,0.000008,15.963377,0.008005
2453903.83371,I,0.001064,0.000009,15.984597,0.009184
2453903.84312,I,0.001055,0.000008,15.993820,0.008233
2453903.85223,I,0.001050,0.000008,15.998978,0.008272
2453903.8615,I,0.001033,0.000008,16.016701,0.008408
2453903.86784,I,0.001028,0.000008,16.021969,0.008449
2453903.87985,I,0.001010,0.000009,16.041148,0.009675
2453903.88867,I,0.001008,0.000008,16.043300,0.008617
2453903.90095,I,0.000982,0.000008,16.071673,0.008845
2453904.5383,I,0.000976,0.000007,16.078327,0.007787
2453904.70073,I,0.000875,0.000006,16.196931,0.007445
2453904.77017,I,0.000847,0.000006,16.232243,0.007691
2453904.84293,I,0.000877,0.000007,16.194453,0.008666
2453905.51378,I,0.000879,0.000008,16.191979,0.009882
2453905.53514,I,0.000910,0.000007,16.154348,0.008352
2453905.62721,I,0.000950,0.000007,16.107643,0.008000
2453905.71147,I,0.000996,0.000006,16.056303,0.006541
2453905.78169,I,0.001035,0.000007,16.014601,0.007343
2453905.85032,I,0.001045,0.000007,16.004161,0.007273
2453906.54296,I,0.001142,0.000008,15.907786,0.007606
2453906.7358,I,0.001022,0.000007,16.028324,0.007437
2453906.809,I,0.000946,0.000007,16.112224,0.008034
2453906.89762,I,0.000878,0.000007,16.193215,0.008656
2453907.57727,I,0.000887,0.000007,16.182142,0.008568
2453907.76257,I,0.000946,0.000008,16.112224,0.009182
2453907.84704,I,0.001068,0.000009,15.980523,0.009149
2453908.51524,I,0.000941,0.000009,16.117977,0.010384
2453908.70138,I,0.001025,0.000007,16.025142,0.007415
2453908.77899,I,0.001008,0.000007,16.043300,0.007540
2453908.86172,I,0.000974,0.000007,16.080554,0.007803
2453909.51491,I,0.001111,0.000009,15.937666,0.008795
2453909.6933,I,0.000942,0.000006,16.116824,0.006916
2453909.7881,I,0.000890,0.000007,16.178477,0.008539
2453909.86768,I,0.000915,0.000008,16.148399,0.009493
2453910.53535,I,0.000895,0.000008,16.172394,0.009705
2453912.50979,I,0.001028,0.000008,16.021969,0.008449
2453912.70127,I,0.000928,0.000006,16.133082,0.007020
2453912.79253,I,0.001001,0.000006,16.050866,0.006508
2453912.88042,I,0.001089,0.000007,15.959382,0.006979
2453913.50268,I,0.001026,0.000007,16.024083,0.007408
2453913.70456,I,0.001186,0.000007,15.866740,0.006408
2453913.80009,I,0.001153,0.000007,15.897378,0.006592
2453914.52873,I,0.001017,0.000007,16.033649,0.007473
2453914.76025,I,0.000911,0.000006,16.153156,0.007151
2453915.50442,I,0.000899,0.000007,16.167552,0.008454
2453915.70876,I,0.001017,0.000007,16.033649,0.007473
2453915.80062,I,0.001038,0.000007,16.011458,0.007322
2453916.54917,I,0.001245,0.000009,15.814028,0.007849
2453917.52728,I,0.000947,0.000007,16.111077,0.008026
2453917.80013,I,0.001053,0.000008,15.995881,0.008249
2453918.54831,I,0.001063,0.000007,15.985618,0.007150
2453918.79486,I,0.001070,0.000009,15.978492,0.009132
2453919.50225,I,0.001162,0.000010,15.888936,0.009344
2453919.73475,I,0.000944,0.000006,16.114522,0.006901
2453920.49203,I,0.000922,0.000008,16.140124,0.009421
2453920.68859,I,0.001103,0.000008,15.945513,0.007875
2453920.77059,I,0.001207,0.000007,15.847683,0.006297
2453921.49199,I,0.001056,0.000008,15.992792,0.008225
2453921.68951,I,0.001048,0.000010,16.001048,0.010360
2453921.77783,I,0.000985,0.000010,16.068361,0.011023
2453922.68921,I,0.000931,0.000009,16.129577,0.010496
2453930.49215,I,0.000885,0.000007,16.184593,0.008588
2453930.7663,I,0.001150,0.000008,15.900207,0.007553
2453931.47704,I,0.001037,0.000010,16.012505,0.010470
2453932.50856,I,0.001031,0.000009,16.018805,0.009478
2453932.78388,I,0.000962,0.000008,16.094014,0.009029
2453933.48962,I,0.000997,0.000007,16.055214,0.007623
2453933.67941,I,0.001166,0.000006,15.885205,0.005587
2453933.75498,I,0.001165,0.000006,15.886137,0.005592
2453934.47237,I,0.001037,0.000007,16.012505,0.007329
2453934.68911,I,0.000900,0.000007,16.166345,0.008445
2453934.75819,I,0.000890,0.000007,16.178477,0.008539
2453935.5223,I,0.000844,0.000007,16.236095,0.009005
2453935.69354,I,0.000949,0.000008,16.108786,0.009153
2453935.76218,I,0.000990,0.000007,16.062864,0.007677
2453936.47568,I,0.001098,0.000009,15.950446,0.008899
2453936.641,I,0.001130,0.000007,15.919255,0.006726
2453936.71752,I,0.001055,0.000008,15.993820,0.008233
2453937.48192,I,0.000958,0.000009,16.098538,0.010200
2453937.76201,I,0.000947,0.000009,16.111077,0.010319
2453938.48039,I,0.000911,0.000009,16.153156,0.010726
2453938.67423,I,0.001057,0.000007,15.991764,0.007190
2453938.75714,I,0.001007,0.000008,16.044378,0.008626
2453939.54772,I,0.001130,0.000006,15.919255,0.005765
2453940.66601,I,0.000997,0.000006,16.055214,0.006534
2453940.79686,I,0.001113,0.000007,15.935714,0.006829
2453944.52071,I,0.001025,0.000007,16.025142,0.007415
2453945.49357,I,0.000889,0.000007,16.179697,0.008549
2453945.69608,I,0.001035,0.000007,16.014601,0.007343
2453945.75195,I,0.001045,0.000009,16.004161,0.009351
2453946.49494,I,0.001185,0.000009,15.867656,0.008246
2453946.68416,I,0.001113,0.000007,15.935714,0.006829
2453946.76566,I,0.001042,0.000009,16.007282,0.009378
2453950.49989,I,0.000894,0.000007,16.173608,0.008501
2453950.70544,I,0.001101,0.000007,15.947483,0.006903
2453951.49555,I,0.001025,0.000008,16.025142,0.008474
2453951.72804,I,0.000997,0.000008,16.055214,0.008712
2453955.66379,I,0.001019,0.000010,16.031516,0.010655
2453956.52665,I,0.001174,0.000011,15.877781,0.010173
2453957.4887,I,0.000981,0.000008,16.072779,0.008854
2453959.48522,I,0.001187,0.000009,15.865825,0.008232
2453959.66655,I,0.000994,0.000008,16.058486,0.008738
2453960.48151,I,0.000945,0.000007,16.113372,0.008042
2453960.66054,I,0.001075,0.000007,15.973430,0.007070
2453960.73268,I,0.001153,0.000007,15.897378,0.006592
2453961.55229,I,0.001070,0.000008,15.978492,0.008118
2453963.51421,I,0.001046,0.000008,16.003122,0.008304
2453963.69154,I,0.001194,0.000008,15.859441,0.007275
2453964.4994,I,0.001000,0.000007,16.051952,0.007600
2453964.70719,I,0.000906,0.000008,16.159131,0.009587
2453965.48756,I,0.000907,0.000007,16.157933,0.008379
2453965.68005,I,0.001000,0.000006,16.051952,0.006514
2453966.51749,I,0.001180,0.000008,15.872247,0.007361
2453966.67054,I,0.001120,0.000007,15.928906,0.006786
2453967.499,I,0.000903,0.000009,16.162732,0.010821
2453967.69593,I,0.000898,0.000007,16.168761,0.008463
2453968.47929,I,0.000929,0.000008,16.131912,0.009350
2453968.65124,I,0.001049,0.000007,16.000013,0.007245
2453968.72036,I,0.001053,0.000008,15.995881,0.008249
2453969.50789,I,0.001128,0.000008,15.921179,0.007700
2453969.66177,I,0.000980,0.000007,16.073886,0.007755
2453970.48848,I,0.000860,0.000009,16.215705,0.011362
2453970.6694,I,0.001020,0.000009,16.030451,0.009580
2453971.52825,I,0.001074,0.000009,15.974441,0.009098
2453971.70265,I,0.001000,0.000007,16.051952,0.007600
2453973.55332,I,0.001078,0.000008,15.970405,0.008057
2453974.48831,I,0.001041,0.000009,16.008325,0.009387
2453974.66728,I,0.000909,0.000008,16.155542,0.009555
2453975.49099,I,0.000853,0.000008,16.224579,0.010183
2453975.66623,I,0.000958,0.000007,16.098538,0.007933
2453976.48769,I,0.001144,0.000006,15.905886,0.005694
2453976.65485,I,0.001123,0.000008,15.926002,0.007735
2453979.49077,I,0.001180,0.000010,15.872247,0.009201
2453982.54912,I,0.000994,0.000007,16.058486,0.007646
2453983.49724,I,0.001048,0.000012,16.001048,0.012432
2453986.56049,I,0.001298,0.000008,15.768765,0.006692
2453987.4884,I,0.000991,0.000009,16.061767,0.009860
2453987.64935,I,0.000963,0.000007,16.092886,0.007892
2453988.4913,I,0.001032,0.000008,16.017752,0.008417
2453990.62247,I,0.001067,0.000008,15.981541,0.008140
2453995.54911,I,0.000938,0.000007,16.121444,0.008103
2453996.54762,I,0.001250,0.000009,15.809677,0.007817
2453999.56987,I,0.001098,0.000008,15.950446,0.007911
2454001.50011,I,0.001062,0.000008,15.986640,0.008179
2454003.52042,I,0.001079,0.000007,15.969398,0.007044
2454004.50658,I,0.001023,0.000008,16.027262,0.008491
2454006.50249,I,0.001163,0.000009,15.888002,0.008402
2454011.59924,I,0.001002,0.000008,16.049782,0.008669
2454012.55054,I,0.000966,0.000009,16.089509,0.010116
2454016.49803,I,0.001268,0.000008,15.794153,0.006850
2454018.52322,I,0.001005,0.000009,16.046536,0.009723
2454020.52109,I,0.000948,0.000009,16.109931,0.010308
2454023.52147,I,0.001180,0.000009,15.872247,0.008281
2454025.54091,I,0.000999,0.000008,16.053038,0.008695
2454027.54579,I,0.000978,0.000007,16.076104,0.007771
2454030.5376,I,0.001030,0.000009,16.019858,0.009487
2454036.51883,I,0.001264,0.000010,15.797584,0.008590
2454040.49996,I,0.001019,0.000010,16.031516,0.010655
2454042.53002,I,0.000970,0.000011,16.085022,0.012312
2454141.85999,I,0.001242,0.000009,15.816648,0.007868
2454149.87966,I,0.001161,0.000010,15.889871,0.009352
2454153.86598,I,0.001050,0.000009,15.998978,0.009306
2454156.84447,I,0.001139,0.000010,15.910642,0.009532
2454158.86391,I,0.001212,0.000009,15.843195,0.008062
2454161.83184,I,0.001360,0.000009,15.718104,0.007185
2454163.80606,I,0.001252,0.000009,15.807941,0.007805
2454164.82041,I,0.001553,0.000010,15.574023,0.006991
2454165.90076,I,0.001190,0.000011,15.863084,0.010036
2454167.90472,I,0.001459,0.000009,15.641813,0.006697
2454169.90833,I,0.001177,0.000010,15.875010,0.009225
2454174.91508,I,0.001549,0.000011,15.576823,0.007710
2454176.88426,I,0.001164,0.000009,15.887069,0.008395
2454178.77655,I,0.001135,0.000008,15.914462,0.007653
2454179.83535,I,0.001182,0.000009,15.870408,0.008267
2454180.91472,I,0.001100,0.000012,15.948470,0.011844
2454182.81658,I,0.001079,0.000008,15.969398,0.008050
2454183.85271,I,0.001105,0.000010,15.943546,0.009826
2454184.89317,I,0.001449,0.000008,15.649281,0.005994
2454185.86907,I,0.001114,0.000009,15.934739,0.008772
2454189.89913,I,0.001220,0.000010,15.836052,0.008899
2454191.85882,I,0.001535,0.000011,15.586681,0.007781
2454192.77406,I,0.001176,0.000010,15.875933,0.009232
2454194.77348,I,0.001527,0.000010,15.592354,0.007110
2454196.76374,I,0.001208,0.000011,15.846784,0.009887
2454202.74515,I,0.001158,0.000009,15.892680,0.008438
2454203.73333,I,0.001167,0.000009,15.884274,0.008373
2454203.91773,I,0.001131,0.000008,15.918295,0.007680
2454204.72165,I,0.001522,0.000010,15.595915,0.007134
2454205.72206,I,0.001099,0.000009,15.949457,0.008891
2454207.71155,I,0.001482,0.000010,15.624831,0.007326
2454207.88676,I,0.001271,0.000008,15.791588,0.006834
2454208.73367,I,0.001187,0.000009,15.865825,0.008232
2454211.74632,I,0.001393,0.000010,15.692074,0.007794
2454212.90765,I,0.001106,0.000009,15.942564,0.008835
2454213.74032,I,0.001117,0.000008,15.931819,0.007776
2454215.73027,I,0.001099,0.000009,15.949457,0.008891
2454216.68763,I,0.001119,0.000009,15.929876,0.008732
2454216.88071,I,0.001184,0.000005,15.868572,0.004585
2454217.69323,I,0.001501,0.000008,15.611000,0.005787
2454218.71743,I,0.001204,0.000011,15.850385,0.009920
2454219.73888,I,0.001169,0.000010,15.882415,0.009288
2454220.67859,I,0.001315,0.000011,15.754637,0.009082
2454221.7207,I,0.001452,0.000011,15.647035,0.008225
2454222.89895,I,0.001182,0.000009,15.870408,0.008267
2454223.72652,I,0.001202,0.000010,15.852190,0.009033
2454224.77091,I,0.001712,0.000011,15.468192,0.006976
2454228.66514,I,0.001265,0.000009,15.796725,0.007725
2454228.89688,I,0.001599,0.000010,15.542330,0.006790
2454229.65996,I,0.001278,0.000011,15.785624,0.009345
2454229.85701,I,0.001206,0.000009,15.848583,0.008103
2454229.91864,I,0.001191,0.000009,15.862172,0.008205
2454230.6698,I,0.001346,0.000009,15.729339,0.007260
2454230.85776,I,0.001184,0.000009,15.868572,0.008253
2454230.91948,I,0.001167,0.000012,15.884274,0.011164
2454231.65415,I,0.001448,0.000007,15.650030,0.005249
2454231.82958,I,0.001628,0.000009,15.522816,0.006002
2454231.92248,I,0.001588,0.000010,15.549825,0.006837
2454232.73693,I,0.001157,0.000010,15.893618,0.009384
2454232.90399,I,0.001197,0.000010,15.856716,0.009070
2454233.78028,I,0.001117,0.000010,15.931819,0.009720
2454234.697,I,0.001579,0.000010,15.555996,0.006876
2454235.87921,I,0.001294,0.000008,15.772116,0.006712
2454237.68025,I,0.001439,0.000008,15.656800,0.006036
2454238.71789,I,0.001318,0.000008,15.752163,0.006590
2454238.86386,I,0.001518,0.000008,15.598772,0.005722
2454239.60832,I,0.001153,0.000011,15.897378,0.010358
2454240.66536,I,0.001257,0.000008,15.803613,0.006910
2454240.79675,I,0.001124,0.000009,15.925036,0.008694
2454240.93092,I,0.001131,0.000009,15.918295,0.008640
2454243.62791,I,0.001098,0.000010,15.950446,0.009888
2454243.72418,I,0.001082,0.000009,15.966383,0.009031
2454243.81776,I,0.001097,0.000009,15.951435,0.008908
2454243.93543,I,0.001124,0.000009,15.925036,0.008694
2454244.60372,I,0.001486,0.000011,15.621905,0.008037
2454244.69978,I,0.001500,0.000010,15.611723,0.007238
2454244.79264,I,0.001419,0.000009,15.671996,0.006886
2454245.59642,I,0.001087,0.000008,15.961378,0.007991
2454245.69011,I,0.001106,0.000008,15.942564,0.007853
2454245.78329,I,0.001198,0.000008,15.855810,0.007250
2454246.65515,I,0.001084,0.000009,15.964378,0.009014
2454246.74817,I,0.001096,0.000009,15.952425,0.008916
2454246.8414,I,0.001084,0.000009,15.964378,0.009014
2454247.63811,I,0.001405,0.000010,15.682761,0.007728
2454247.80336,I,0.001145,0.000008,15.904938,0.007586
2454250.71847,I,0.001019,0.000008,16.031516,0.008524
2454251.79003,I,0.001429,0.000011,15.664371,0.008358
2454256.60528,I,0.001063,0.000010,15.985618,0.010214
2454256.75215,I,0.001039,0.000011,16.010413,0.011495
2454256.84996,I,0.001021,0.000011,16.029387,0.011697
2454257.63718,I,0.001356,0.000011,15.721302,0.008808
2454258.62069,I,0.001196,0.000011,15.857624,0.009986
2454258.74338,I,0.001366,0.000009,15.713325,0.007153
2454258.83866,I,0.001468,0.000011,15.635136,0.008136
2454267.58072,I,0.001349,0.000010,15.726922,0.008048
2454268.76813,I,0.001365,0.000009,15.714120,0.007159
2454268.88851,I,0.001428,0.000011,15.665131,0.008364
2454269.56306,I,0.001029,0.000009,16.020913,0.009496
2454269.6841,I,0.000999,0.000008,16.053038,0.008695
2454269.77483,I,0.000998,0.000007,16.054125,0.007615
2454270.55858,I,0.001166,0.000009,15.885205,0.008380
2454272.62699,I,0.000966,0.000007,16.089509,0.007868
2454272.77612,I,0.001041,0.000009,16.008325,0.009387
2454272.84762,I,0.001127,0.000009,15.922142,0.008670
2454273.60399,I,0.001023,0.000011,16.027262,0.011675
2454273.78485,I,0.001031,0.000009,16.018805,0.009478
2454273.84463,I,0.000997,0.000009,16.055214,0.009801
2454274.59645,I,0.001359,0.000011,15.718903,0.008788
2454274.75099,I,0.001258,0.000008,15.802750,0.006905
2454274.81011,I,0.001181,0.000008,15.871327,0.007355
2454275.58919,I,0.000998,0.000008,16.054125,0.008703
2454275.7646,I,0.001149,0.000010,15.901151,0.009449
2454275.82307,I,0.001198,0.000010,15.855810,0.009063
2454275.88425,I,0.001245,0.000013,15.814028,0.011337
2454276.57397,I,0.000962,0.000010,16.094014,0.011286
2454277.51781,I,0.001295,0.000011,15.771277,0.009222
2454277.69299,I,0.001072,0.000009,15.976465,0.009115
2454277.75347,I,0.001014,0.000009,16.036857,0.009637
2454277.81204,I,0.001003,0.000011,16.048699,0.011907
2454278.55161,I,0.001069,0.000012,15.979507,0.012188
2454278.73883,I,0.001237,0.000010,15.821027,0.008777
2454278.81183,I,0.001268,0.000012,15.794153,0.010275
2454283.49728,I,0.000935,0.000009,16.124923,0.010451
2454283.70747,I,0.000899,0.000011,16.167552,0.013285
2454284.49231,I,0.001252,0.000010,15.807941,0.008672
2454284.72277,I,0.001146,0.000008,15.903990,0.007579
2454284.78499,I,0.001087,0.000009,15.961378,0.008990
2454284.85007,I,0.001006,0.000011,16.045457,0.011872
2454285.49078,I,0.000909,0.000009,16.155542,0.010750
2454285.68269,I,0.001049,0.000010,16.000013,0.010350
2454285.74736,I,0.001103,0.000009,15.945513,0.008859
2454285.81512,I,0.001164,0.000010,15.887069,0.009328
2454286.49461,I,0.000961,0.000012,16.095143,0.013558
2454286.78506,I,0.000939,0.000008,16.120288,0.009250
2454289.49881,I,0.000985,0.000011,16.068361,0.012125
2454289.71815,I,0.000989,0.000010,16.063961,0.010978
2454289.78321,I,0.001018,0.000009,16.032582,0.009599
2454289.85001,I,0.001062,0.000010,15.986640,0.010224
2454290.54922,I,0.001177,0.000010,15.875010,0.009225
2454291.65161,I,0.001355,0.000009,15.722103,0.007212
2454291.774,I,0.001328,0.000010,15.743956,0.008176
2454292.47733,I,0.000969,0.000008,16.086142,0.008964
2454292.65543,I,0.001023,0.000008,16.027262,0.008491
2454292.71506,I,0.001068,0.000008,15.980523,0.008133
2454292.77381,I,0.001126,0.000008,15.923106,0.007714
2454292.83777,I,0.001201,0.000010,15.853094,0.009040
2454293.47767,I,0.001144,0.000009,15.905886,0.008542
2454293.68359,I,0.001053,0.000008,15.995881,0.008249
2454293.74236,I,0.001042,0.000008,16.007282,0.008336
2454293.81997,I,0.001023,0.000008,16.027262,0.008491
2454294.47694,I,0.001414,0.000009,15.675828,0.006911
2454295.47848,I,0.001041,0.000012,16.008325,0.012516
2454295.68198,I,0.001208,0.000009,15.846784,0.008089
2454295.74068,I,0.001272,0.000008,15.790734,0.006829
2454295.82293,I,0.001316,0.000010,15.753812,0.008250
2454296.47975,I,0.001038,0.000010,16.011458,0.010460
2454296.66821,I,0.000963,0.000008,16.092886,0.009020
2454296.76317,I,0.000951,0.000009,16.106500,0.010275
2454297.50056,I,0.001291,0.000010,15.774636,0.008410
2454297.70144,I,0.001092,0.000008,15.956395,0.007954
2454297.8064,I,0.001039,0.000010,16.010413,0.010450
2454298.53526,I,0.001128,0.000009,15.921179,0.008663
2454298.64108,I,0.001216,0.000009,15.839618,0.008036
2454298.7346,I,0.001292,0.000010,15.773795,0.008404
2454299.51808,I,0.000918,0.000008,16.144845,0.009462
2454299.61146,I,0.000894,0.000007,16.173608,0.008501
2454299.70364,I,0.000931,0.000008,16.129577,0.009330
2454299.79383,I,0.000980,0.000009,16.073886,0.009971
2454300.50969,I,0.001093,0.000009,15.955401,0.008940
2454300.63342,I,0.000989,0.000007,16.063961,0.007685
2454300.72985,I,0.000941,0.000008,16.117977,0.009230
2454301.50405,I,0.001212,0.000009,15.843195,0.008062
2454301.59634,I,0.001265,0.000008,15.796725,0.006866
2454301.69296,I,0.001267,0.000008,15.795010,0.006855
2454301.79154,I,0.001208,0.000008,15.846784,0.007190
2454302.57984,I,0.000906,0.000008,16.159131,0.009587
2454302.67171,I,0.000955,0.000009,16.101943,0.010232
2454303.65269,I,0.000920,0.000009,16.142482,0.010621
2454304.53781,I,0.001232,0.000010,15.825425,0.008813
2454304.64722,I,0.001163,0.000010,15.888002,0.009336
2454306.52611,I,0.000918,0.000010,16.144845,0.011827
2454306.66261,I,0.000858,0.000009,16.218233,0.011389
2454307.76314,I,0.000959,0.000008,16.097405,0.009057
2454311.73863,I,0.001092,0.000011,15.956395,0.010937
2454312.50842,I,0.000811,0.000010,16.279399,0.013388
2454312.70362,I,0.000936,0.000008,16.123762,0.009280
2454312.80118,I,0.001034,0.000010,16.015650,0.010500
2454315.54257,I,0.000931,0.000009,16.129577,0.010496
2454316.57143,I,0.000862,0.000007,16.213183,0.008817
2454317.49382,I,0.001061,0.000008,15.987663,0.008187
2454319.50289,I,0.000855,0.000009,16.222036,0.011429
2454319.75734,I,0.000914,0.000008,16.149586,0.009503
2454320.52589,I,0.001086,0.000009,15.962377,0.008998
2454326.48144,I,0.001010,0.000009,16.041148,0.009675
2454327.57486,I,0.001192,0.000011,15.861261,0.010019
2454328.50194,I,0.001151,0.000010,15.899263,0.009433
2454328.6789,I,0.001266,0.000009,15.795867,0.007719
2454329.51232,I,0.000866,0.000009,16.208157,0.011284
2454329.66015,I,0.000885,0.000009,16.184593,0.011041
2454329.71893,I,0.000951,0.000010,16.106500,0.011417
2454330.52465,I,0.001123,0.000008,15.926002,0.007735
2454330.67563,I,0.001025,0.000008,16.025142,0.008474
2454331.50484,I,0.001225,0.000009,15.831611,0.007977
2454331.67138,I,0.001248,0.000009,15.811415,0.007830
2454332.4826,I,0.000874,0.000007,16.198173,0.008696
2454333.51367,I,0.000982,0.000009,16.071673,0.009951
2454333.67472,I,0.000869,0.000009,16.204402,0.011245
2454334.48688,I,0.001225,0.000012,15.831611,0.010636
2454334.58451,I,0.001177,0.000013,15.875010,0.011992
2454338.48703,I,0.001179,0.000010,15.873167,0.009209
2454339.50648,I,0.000917,0.000009,16.146028,0.010656
2454339.67766,I,0.000982,0.000011,16.071673,0.012162
2454340.57515,I,0.001054,0.000011,15.994850,0.011331
2454341.48743,I,0.001288,0.000012,15.777162,0.010116
2454342.51674,I,0.000947,0.000010,16.111077,0.011465
2454343.48484,I,0.001014,0.000007,16.036857,0.007495
2454343.69257,I,0.000901,0.000010,16.165140,0.012050
2454344.52345,I,0.001200,0.000011,15.853998,0.009953
2454345.48888,I,0.001064,0.000008,15.984597,0.008163
2454346.49748,I,0.000944,0.000009,16.114522,0.010351
2454347.51646,I,0.001123,0.000010,15.926002,0.009668
2454348.51319,I,0.001250,0.000009,15.809677,0.007817
2454350.51205,I,0.001095,0.000009,15.953416,0.008924
2454351.48729,I,0.001292,0.000010,15.773795,0.008404
2454352.53477,I,0.001040,0.000011,16.009368,0.011484
2454353.49468,I,0.000986,0.000008,16.067259,0.008809
2454354.52326,I,0.001189,0.000009,15.863997,0.008218
2454355.51385,I,0.001180,0.000008,15.872247,0.007361
2454356.49133,I,0.000897,0.000008,16.169970,0.009683
2454357.57459,I,0.001083,0.000011,15.965380,0.011028
2454358.53183,I,0.001285,0.000011,15.779694,0.009294
2454359.50064,I,0.000935,0.000009,16.124923,0.010451
2454361.55363,I,0.001203,0.000011,15.851287,0.009928
2454362.48901,I,0.001037,0.000011,16.012505,0.011517
2454365.54601,I,0.001187,0.000012,15.865825,0.010976
2454367.52233,I,0.001020,0.000008,16.030451,0.008516
2454368.55791,I,0.001227,0.000010,15.829840,0.008849
2454369.56683,I,0.001043,0.000011,16.006241,0.011451
2454370.54483,I,0.000995,0.000008,16.057394,0.008730
2454371.51829,I,0.001144,0.000008,15.905886,0.007593
2454372.50281,I,0.001103,0.000008,15.945513,0.007875
2454373.56824,I,0.000895,0.000009,16.172394,0.010918
2454375.55441,I,0.001163,0.000012,15.888002,0.011203
2454377.59247,I,0.001023,0.000009,16.027262,0.009552
2454378.5025,I,0.001145,0.000009,15.904938,0.008534
2454379.51783,I,0.001063,0.000012,15.985618,0.012257
2454380.52936,I,0.001017,0.000008,16.033649,0.008541
2454381.50732,I,0.001092,0.000011,15.956395,0.010937
2454382.59587,I,0.001159,0.000011,15.891743,0.010305
2454383.52081,I,0.000930,0.000009,16.130744,0.010507
2454384.55781,I,0.001009,0.000011,16.042224,0.011837
2454387.55071,I,0.000953,0.000009,16.104219,0.010254
2454393.51516,I,0.000907,0.000008,16.157933,0.009577
2454394.57255,I,0.000944,0.000010,16.114522,0.011501
2454395.54396,I,0.001061,0.000010,15.987663,0.010233
2454396.5565,I,0.000960,0.000011,16.096273,0.012441
2454397.51534,I,0.000928,0.000009,16.133082,0.010530
2454398.52297,I,0.001016,0.000009,16.034717,0.009618
2454399.55854,I,0.001007,0.000010,16.044378,0.010782
2454400.51793,I,0.000795,0.000011,16.301034,0.015023
2454402.53256,I,0.000983,0.000012,16.070568,0.013254
2454403.53355,I,0.000842,0.000010,16.238671,0.012895
2454506.8846,I,0.000511,0.000010,16.780899,0.021247
2454510.88139,I,0.000546,0.000008,16.708970,0.015908
2454513.84537,I,0.000485,0.000007,16.837597,0.015670
2454517.83944,I,0.000571,0.000012,16.660361,0.022818
2454519.82536,I,0.000459,0.000009,16.897420,0.021289
2454522.85422,I,0.000460,0.000010,16.895057,0.023603
2454524.83789,I,0.000511,0.000007,16.780899,0.014873
2454530.80003,I,0.000511,0.000006,16.780899,0.012748
2454533.83379,I,0.000474,0.000008,16.862506,0.018325
2454535.88378,I,0.000478,0.000007,16.853382,0.015900
2454537.7834,I,0.000486,0.000009,16.835361,0.020106
2454538.87735,I,0.000511,0.000008,16.780899,0.016998
2454539.83856,I,0.000476,0.000006,16.857934,0.013686
2454540.84847,I,0.000476,0.000006,16.857934,0.013686
2454541.77749,I,0.000503,0.000006,16.798032,0.012951
2454542.77203,I,0.000476,0.000009,16.857934,0.020529
2454543.76768,I,0.000476,0.000007,16.857934,0.015967
2454544.76454,I,0.000501,0.000008,16.802357,0.017337
2454545.75125,I,0.000487,0.000009,16.833129,0.020065
2454546.75786,I,0.000454,0.000008,16.909312,0.019132
2454547.77203,I,0.000503,0.000007,16.798032,0.015110
2454548.82491,I,0.000513,0.000008,16.776658,0.016932
2454550.79716,I,0.000479,0.000008,16.851113,0.018133
2454551.74349,I,0.000514,0.000009,16.774544,0.019011
2454552.78714,I,0.000492,0.000012,16.822039,0.026481
2454556.73982,I,0.000515,0.000007,16.772433,0.014758
2454557.7574,I,0.000537,0.000007,16.727016,0.014153
2454558.77758,I,0.000532,0.000006,16.737172,0.012245
2454559.73044,I,0.000529,0.000006,16.743312,0.012315
2454559.91935,I,0.000525,0.000008,16.751553,0.016545
2454560.73279,I,0.000522,0.000007,16.757775,0.014560
2454560.91997,I,0.000502,0.000006,16.800192,0.012977
2454561.72323,I,0.000550,0.000007,16.701045,0.013818
2454561.90932,I,0.000538,0.000006,16.724996,0.012109
2454564.71344,I,0.000557,0.000008,16.687314,0.015594
2454564.91371,I,0.000572,0.000006,16.658461,0.011389
2454565.71161,I,0.000575,0.000006,16.652782,0.011329
2454565.90219,I,0.000579,0.000005,16.645255,0.009376
2454566.71091,I,0.000573,0.000006,16.656565,0.011369
2454566.90397,I,0.000576,0.000006,16.650895,0.011310
2454567.70309,I,0.000581,0.000007,16.641511,0.013081
2454567.90982,I,0.000582,0.000006,16.639644,0.011193
2454568.70863,I,0.000589,0.000008,16.626663,0.014747
2454569.71829,I,0.000583,0.000008,16.637780,0.014899
2454570.70961,I,0.000589,0.000008,16.626663,0.014747
2454571.69742,I,0.000578,0.000010,16.647132,0.018784
2454571.8954,I,0.000586,0.000006,16.632208,0.011117
2454572.72058,I,0.000582,0.000009,16.639644,0.016790
2454573.723,I,0.000609,0.000007,16.590408,0.012480
2454574.72543,I,0.000629,0.000008,16.555325,0.013809
2454575.73083,I,0.000627,0.000007,16.558783,0.012121
2454576.73852,I,0.000596,0.000008,16.613836,0.014574
2454577.82271,I,0.000644,0.000008,16.529737,0.013487
2454578.77383,I,0.000625,0.000010,16.562252,0.017372
2454579.85051,I,0.000621,0.000008,16.569223,0.013987
2454583.7175,I,0.000641,0.000009,16.534806,0.015244
2454583.90265,I,0.000647,0.000007,16.524691,0.011747
2454585.73798,I,0.000649,0.000008,16.521340,0.013383
2454586.74587,I,0.000648,0.000008,16.523014,0.013404
2454587.75412,I,0.000672,0.000009,16.483528,0.014541
2454587.91253,I,0.000684,0.000008,16.464311,0.012699
2454588.7193,I,0.000716,0.000007,16.414669,0.010615
2454589.70163,I,0.000726,0.000009,16.399610,0.013460
2454589.85692,I,0.000722,0.000007,16.405609,0.010527
2454589.91894,I,0.000728,0.000008,16.396623,0.011931
2454590.679,I,0.000750,0.000008,16.364298,0.011581
2454590.88466,I,0.000746,0.000007,16.370104,0.010188
2454591.69081,I,0.000747,0.000008,16.368650,0.011628
2454591.86284,I,0.000766,0.000007,16.341380,0.009922
2454591.92496,I,0.000763,0.000008,16.345640,0.011384
2454592.64929,I,0.000767,0.000008,16.339963,0.011324
2454592.83847,I,0.000774,0.000009,16.330099,0.012625
2454592.90184,I,0.000762,0.000008,16.347064,0.011399
2454593.63858,I,0.000793,0.000007,16.303769,0.009584
2454593.84806,I,0.000778,0.000007,16.324503,0.009769
2454593.91016,I,0.000773,0.000008,16.331503,0.011237
2454594.65961,I,0.000816,0.000008,16.272726,0.010644
2454594.85435,I,0.000814,0.000007,16.275391,0.009337
2454594.92016,I,0.000813,0.000008,16.276725,0.010684
2454595.64509,I,0.000813,0.000009,16.276725,0.012019
2454595.84324,I,0.000816,0.000008,16.272726,0.010644
2454595.90534,I,0.000829,0.000008,16.255565,0.010478
2454596.6384,I,0.000817,0.000008,16.271396,0.010631
2454596.91809,I,0.000803,0.000007,16.290163,0.009465
2454597.66887,I,0.000822,0.000008,16.264772,0.010567
2454597.8602,I,0.000818,0.000007,16.270068,0.009291
2454597.93127,I,0.000813,0.000008,16.276725,0.010684
2454598.63866,I,0.000811,0.000007,16.279399,0.009371
2454598.88345,I,0.000808,0.000007,16.283423,0.009406
2454599.61748,I,0.000814,0.000009,16.275391,0.012004
2454599.8215,I,0.000805,0.000007,16.287462,0.009441
2454600.62667,I,0.000857,0.000007,16.219499,0.008868
2454600.93322,I,0.000865,0.000008,16.209411,0.010041
2454601.63227,I,0.000902,0.000007,16.163935,0.008426
2454601.84855,I,0.000902,0.000007,16.163935,0.008426
2454601.9105,I,0.000902,0.000007,16.163935,0.008426
2454602.61968,I,0.000916,0.000008,16.147213,0.009482
2454602.83427,I,0.000931,0.000007,16.129577,0.008163
2454603.75229,I,0.000990,0.000008,16.062864,0.008774
2454606.62004,I,0.001045,0.000009,16.004161,0.009351
2454610.72178,I,0.001039,0.000008,16.010413,0.008360
2454610.92921,I,0.001039,0.000009,16.010413,0.009405
2454611.6118,I,0.001081,0.000010,15.967387,0.010044
2454611.84472,I,0.001091,0.000008,15.957390,0.007961
2454612.63322,I,0.001109,0.000009,15.939623,0.008811
2454615.77488,I,0.001285,0.000009,15.779694,0.007604
2454615.82641,I,0.001282,0.000009,15.782231,0.007622
2454615.90485,I,0.001309,0.000011,15.759602,0.009124
2454616.58392,I,0.001295,0.000011,15.771277,0.009222
2454616.60929,I,0.001293,0.000008,15.772955,0.006718
2454616.63785,I,0.001288,0.000008,15.777162,0.006744
2454616.67059,I,0.001304,0.000008,15.763758,0.006661
2454616.69357,I,0.001298,0.000008,15.768765,0.006692
2454616.7138,I,0.001297,0.000008,15.769602,0.006697
2454616.73963,I,0.001321,0.000009,15.749695,0.007397
2454616.76868,I,0.001303,0.000008,15.764591,0.006666
2454616.78612,I,0.001299,0.000008,15.767929,0.006687
2454616.80039,I,0.001300,0.000008,15.767093,0.006681
2454616.83142,I,0.001295,0.000008,15.771277,0.006707
2454616.85437,I,0.001322,0.000009,15.748873,0.007392
2454616.87018,I,0.001307,0.000008,15.761263,0.006646
2454616.89582,I,0.001313,0.000010,15.756290,0.008269
2454616.91426,I,0.001305,0.000010,15.762925,0.008320
2454616.93679,I,0.001328,0.000011,15.743956,0.008993
2454617.62598,I,0.001377,0.000008,15.704617,0.006308
2454617.63006,I,0.001392,0.000009,15.692853,0.007020
2454617.64173,I,0.001388,0.000009,15.695978,0.007040
2454617.64743,I,0.001389,0.000009,15.695196,0.007035
2454617.65566,I,0.001382,0.000009,15.700681,0.007071
2454617.66417,I,0.001388,0.000009,15.695978,0.007040
2454617.67242,I,0.001389,0.000009,15.695196,0.007035
2454617.6808,I,0.001391,0.000009,15.693634,0.007025
2454617.6891,I,0.001379,0.000008,15.703041,0.006299
2454617.72173,I,0.001384,0.000009,15.699111,0.007060
2454617.73294,I,0.001397,0.000010,15.688961,0.007772
2454617.74507,I,0.001377,0.000009,15.704617,0.007096
2454617.75627,I,0.001370,0.000009,15.710150,0.007133
2454617.76739,I,0.001377,0.000009,15.704617,0.007096
2454617.77857,I,0.001388,0.000009,15.695978,0.007040
2454617.7941,I,0.001377,0.000009,15.704617,0.007096
2454617.80513,I,0.001379,0.000010,15.703041,0.007873
2454617.82537,I,0.001368,0.000010,15.711736,0.007937
2454617.84045,I,0.001382,0.000010,15.700681,0.007856
2454617.87431,I,0.001370,0.000011,15.710150,0.008718
2454617.89024,I,0.001384,0.000010,15.699111,0.007845
2454617.90156,I,0.001377,0.000011,15.704617,0.008673
2454617.92351,I,0.001358,0.000011,15.719702,0.008795
2454617.93884,I,0.001350,0.000012,15.726117,0.009651
2454618.59547,I,0.001369,0.000010,15.710943,0.007931
2454618.65244,I,0.001402,0.000009,15.685082,0.006970
2454618.71727,I,0.001385,0.000009,15.698327,0.007055
2454621.68464,I,0.001447,0.000007,15.650780,0.005252
2454622.77721,I,0.001486,0.000010,15.621905,0.007306
2454622.89542,I,0.001508,0.000011,15.605948,0.007920
2454623.60882,I,0.001554,0.000010,15.573324,0.006987
2454623.84918,I,0.001519,0.000010,15.598057,0.007148
2454623.9201,I,0.001525,0.000011,15.593777,0.007832
2454624.56095,I,0.001562,0.000012,15.567749,0.008341
2454624.79281,I,0.001589,0.000009,15.549142,0.006150
2454624.85943,I,0.001583,0.000009,15.553249,0.006173
2454624.92842,I,0.001930,0.000011,15.338058,0.006188
2454625.58716,I,0.001631,0.000011,15.520817,0.007323
2454625.77525,I,0.001623,0.000010,15.526155,0.006690
2454625.86917,I,0.001617,0.000010,15.530176,0.006715
2454626.58456,I,0.001610,0.000010,15.534887,0.006744
2454626.83756,I,0.001602,0.000009,15.540295,0.006100
2454627.54249,I,0.001646,0.000009,15.510877,0.005937
2454627.81103,I,0.001634,0.000009,15.518821,0.005980
2454627.89771,I,0.001667,0.000009,15.497113,0.005862
2454628.57579,I,0.001684,0.000009,15.486096,0.005803
2454628.73956,I,0.001686,0.000009,15.484808,0.005796
2454628.80516,I,0.001680,0.000009,15.488678,0.005816
2454628.86714,I,0.001669,0.000009,15.495811,0.005855
2454629.58901,I,0.001626,0.000010,15.524150,0.006677
2454629.80869,I,0.001634,0.000009,15.518821,0.005980
2454629.89098,I,0.001643,0.000009,15.512858,0.005947
2454630.54247,I,0.001684,0.000011,15.486096,0.007092
2454630.75251,I,0.001663,0.000009,15.499721,0.005876
2454630.83568,I,0.001670,0.000009,15.495160,0.005851
2454630.89868,I,0.001646,0.000011,15.510877,0.007256
2454631.548,I,0.001719,0.000009,15.463762,0.005684
2454631.76383,I,0.001714,0.000009,15.466925,0.005701
2454631.84158,I,0.001727,0.000010,15.458721,0.006287
2454631.91654,I,0.001693,0.000011,15.480309,0.007054
2454632.54532,I,0.001752,0.000011,15.443116,0.006817
2454632.81037,I,0.001788,0.000008,15.421033,0.004858
2454633.55136,I,0.001852,0.000010,15.382849,0.005863
2454633.65322,I,0.001857,0.000010,15.379922,0.005847
2454633.77481,I,0.001864,0.000010,15.375837,0.005825
2454638.73689,I,0.002291,0.000011,15.151889,0.005213
2454638.83456,I,0.002287,0.000011,15.153786,0.005222
2454639.54957,I,0.002318,0.000013,15.139168,0.006089
2454639.65574,I,0.002323,0.000011,15.136829,0.005141
2454639.83513,I,0.002312,0.000013,15.141982,0.006105
2454640.57566,I,0.002493,0.000009,15.060146,0.003920
2454640.70656,I,0.002496,0.000011,15.058840,0.004785
2454640.81385,I,0.002486,0.000011,15.063199,0.004804
2454641.5985,I,0.002482,0.000009,15.064947,0.003937
2454641.75411,I,0.002470,0.000011,15.070209,0.004835
2454642.57423,I,0.002496,0.000011,15.058840,0.004785
2454642.73474,I,0.002473,0.000011,15.068891,0.004829
2454642.81268,I,0.002461,0.000011,15.074173,0.004853
2454643.5344,I,0.002519,0.000012,15.048881,0.005172
2454644.64684,I,0.002464,0.000011,15.072850,0.004847
2454644.80902,I,0.002486,0.000011,15.063199,0.004804
2454644.82616,I,0.002526,0.000009,15.045868,0.003868
2454644.83461,I,0.002461,0.000009,15.074173,0.003971
2454644.83947,I,0.002482,0.000009,15.064947,0.003937
2454644.84238,I,0.002486,0.000009,15.063199,0.003931
2454644.85247,I,0.002500,0.000012,15.057102,0.005212
2454644.86069,I,0.002503,0.000012,15.055799,0.005205
2454644.87501,I,0.002519,0.000012,15.048881,0.005172
2454644.88041,I,0.002498,0.000012,15.057970,0.005216
2454644.89159,I,0.002514,0.000012,15.051038,0.005183
2454644.89777,I,0.002500,0.000012,15.057102,0.005212
2454644.90064,I,0.002480,0.000014,15.065822,0.006129
2454644.90661,I,0.002521,0.000014,15.048019,0.006029
2454645.48646,I,0.002599,0.000012,15.014936,0.005013
2454645.50103,I,0.002594,0.000012,15.017027,0.005023
2454645.51029,I,0.002558,0.000012,15.032200,0.005093
2454645.53687,I,0.002573,0.000014,15.025852,0.005908
2454645.65563,I,0.002568,0.000009,15.027964,0.003805
2454645.75173,I,0.002594,0.000012,15.017027,0.005023
2454645.79045,I,0.002599,0.000012,15.014936,0.005013
2454645.82758,I,0.002601,0.000012,15.014101,0.005009
2454645.89235,I,0.002625,0.000012,15.004128,0.004963
2454646.48812,I,0.002724,0.000010,14.963934,0.003986
2454646.50287,I,0.002724,0.000010,14.963934,0.003986
2454646.83499,I,0.002645,0.000012,14.995887,0.004926
2454646.88846,I,0.002669,0.000012,14.986080,0.004882
2454647.48175,I,0.002604,0.000012,15.012849,0.005003
2454647.4974,I,0.002604,0.000012,15.012849,0.005003
2454647.72224,I,0.002647,0.000012,14.995067,0.004922
2454647.82901,I,0.002650,0.000012,14.993837,0.004917
2454648.52579,I,0.002587,0.000012,15.019960,0.005036
2454648.61525,I,0.002601,0.000012,15.014101,0.005009
2454648.69149,I,0.002606,0.000012,15.012016,0.005000
2454648.84319,I,0.002635,0.000012,15.000000,0.004945
2454649.50595,I,0.002821,0.000013,14.925944,0.005003
2454649.71643,I,0.002777,0.000010,14.943012,0.003910
2454649.83095,I,0.002787,0.000013,14.939109,0.005064
2454650.53745,I,0.002829,0.000010,14.922869,0.003838
2454650.7549,I,0.002855,0.000011,14.912936,0.004183
2454650.83986,I,0.002884,0.000013,14.901963,0.004894
2454651.49767,I,0.002818,0.000013,14.927099,0.005009
2454651.79049,I,0.002873,0.000013,14.906112,0.004913
2454652.48925,I,0.002973,0.000014,14.868964,0.005113
2454652.69183,I,0.002962,0.000011,14.872989,0.004032
2454652.77342,I,0.002973,0.000011,14.868964,0.004017
2454652.82697,I,0.002998,0.000011,14.859872,0.003984
2454653.48568,I,0.003084,0.000014,14.829166,0.004929
2454653.70478,I,0.003130,0.000012,14.813091,0.004163
2454653.77001,I,0.003139,0.000012,14.809973,0.004151
2454654.52102,I,0.003263,0.000012,14.767909,0.003993
2454654.7327,I,0.003302,0.000012,14.755009,0.003946
2454654.80097,I,0.003296,0.000012,14.756984,0.003953
2454655.48549,I,0.003345,0.000012,14.740961,0.003895
2454655.70988,I,0.003339,0.000012,14.742911,0.003902
2454655.77179,I,0.003376,0.000012,14.730945,0.003859
2454656.4875,I,0.003429,0.000013,14.714033,0.004116
2454656.67727,I,0.003420,0.000013,14.716886,0.004127
2454656.79287,I,0.003407,0.000013,14.721021,0.004143
2454657.56205,I,0.003486,0.000013,14.696133,0.004049
2454658.64583,I,0.003614,0.000013,14.656981,0.003906
2454659.57926,I,0.003674,0.000014,14.639104,0.004137
2454660.53524,I,0.003736,0.000014,14.620934,0.004069
2454661.47563,I,0.003948,0.000015,14.561009,0.004125
2454661.67315,I,0.003941,0.000011,14.562935,0.003030
2454661.73774,I,0.003944,0.000011,14.562109,0.003028
2454661.80484,I,0.003959,0.000015,14.557988,0.004114
2454665.64285,I,0.004742,0.000013,14.362048,0.002977
2454666.4871,I,0.004889,0.000018,14.328901,0.003997
2454666.67176,I,0.004943,0.000014,14.316975,0.003075
2454669.59718,I,0.005331,0.000015,14.234930,0.003055
2454670.63318,I,0.005425,0.000015,14.215952,0.003002
2454671.55417,I,0.005850,0.000016,14.134062,0.002970
2454671.76113,I,0.005823,0.000016,14.139085,0.002983
2454672.48889,I,0.005840,0.000016,14.135919,0.002975
2454672.75235,I,0.005954,0.000016,14.114929,0.002918
2454672.79137,I,0.005959,0.000016,14.114018,0.002915
2454674.49334,I,0.006444,0.000018,14.029063,0.003033
2454675.64807,I,0.006613,0.000018,14.000955,0.002955
2454677.47394,I,0.007053,0.000019,13.931017,0.002925
2454677.62033,I,0.007125,0.000020,13.919989,0.003048
2454677.70407,I,0.007178,0.000020,13.911943,0.003025
2454678.67385,I,0.007495,0.000021,13.865022,0.003042
2454679.56669,I,0.008031,0.000022,13.790027,0.002974
2454681.51533,I,0.008725,0.000024,13.700038,0.002987
2454681.61544,I,0.008774,0.000024,13.693957,0.002970
2454682.48639,I,0.009367,0.000026,13.622950,0.003014
2454682.56231,I,0.009281,0.000026,13.632965,0.003042
2454682.73897,I,0.009401,0.000026,13.619016,0.003003
2454683.69179,I,0.010018,0.000028,13.549999,0.003035
2454684.48854,I,0.010270,0.000028,13.523025,0.002960
2454684.75334,I,0.010471,0.000029,13.501981,0.003007
2454685.53072,I,0.010784,0.000030,13.470002,0.003020
2454686.48601,I,0.011492,0.000032,13.400963,0.003023
2454687.51197,I,0.011705,0.000032,13.381023,0.002968
2454687.72535,I,0.011770,0.000033,13.375010,0.003044
2454688.48262,I,0.012011,0.000033,13.353004,0.002983
2454688.6726,I,0.012055,0.000033,13.349034,0.002972
2454688.73428,I,0.012122,0.000033,13.343016,0.002956
2454693.52707,I,0.014520,0.000040,13.147035,0.002991
2454694.52551,I,0.015688,0.000043,13.063033,0.002976
2454697.48621,I,0.018348,0.000051,12.892980,0.003018
2454698.48676,I,0.020062,0.000055,12.796016,0.002977
2454699.48565,I,0.021517,0.000059,12.719997,0.002977
2454700.49398,I,0.024120,0.000067,12.596008,0.003016
2454701.48931,I,0.027490,0.000076,12.454015,0.003002
2454702.48771,I,0.030675,0.000085,12.334990,0.003009
2454703.59562,I,0.034354,0.000095,12.212008,0.003002
2454704.60285,I,0.038298,0.000106,12.094011,0.003005
2454705.49158,I,0.043369,0.000120,11.959003,0.003004
2454708.52424,I,0.056857,0.000157,11.664992,0.002998
2454709.50029,I,0.062861,0.000174,11.555998,0.003005
2454750.58588,I,0.153738,0.002832,10.584998,0.020000
2454756.5017,I,0.108938,0.006622,10.959003,0.065999
2454765.50339,I,0.079283,0.000730,11.304001,0.009997
2454768.50488,I,0.074952,0.000207,11.364993,0.002999
2454867.87886,I,0.007271,0.000020,13.897966,0.002986
2454870.88785,I,0.007237,0.000020,13.903055,0.003001
2454872.89017,I,0.007345,0.000020,13.886972,0.002956
2454876.85159,I,0.007311,0.000020,13.892010,0.002970
2454884.83465,I,0.007413,0.000020,13.876967,0.002929
2454886.88534,I,0.007379,0.000020,13.881958,0.002943
2454890.86752,I,0.007211,0.000020,13.906963,0.003011
2454896.85517,I,0.007304,0.000020,13.893050,0.002973
2454899.82665,I,0.007251,0.000020,13.900957,0.002995
2454900.80637,I,0.007244,0.000020,13.902005,0.002998
2454901.8665,I,0.007217,0.000020,13.906060,0.003009
2454902.86488,I,0.007257,0.000020,13.900059,0.002992
2454904.78929,I,0.007178,0.000020,13.911943,0.003025
2454905.89308,I,0.007211,0.000020,13.906963,0.003011
2454910.79514,I,0.007014,0.000019,13.937037,0.002941
2454911.76577,I,0.006944,0.000019,13.947927,0.002971
2454912.76258,I,0.006874,0.000019,13.958928,0.003001
2454914.76556,I,0.006848,0.000019,13.963042,0.003012
2454918.76244,I,0.006773,0.000019,13.974999,0.003046
2454924.7245,I,0.006601,0.000018,14.002927,0.002961
2454925.7738,I,0.006528,0.000018,14.015001,0.002994
2454925.88983,I,0.006480,0.000018,14.023014,0.003016
2454926.73762,I,0.006516,0.000018,14.016999,0.002999
2454927.82514,I,0.006516,0.000018,14.016999,0.002999
2454928.71884,I,0.006492,0.000018,14.021005,0.003010
2454929.71874,I,0.006468,0.000018,14.025027,0.003022
2454929.89931,I,0.006368,0.000018,14.041944,0.003069
2454930.77675,I,0.006374,0.000018,14.040921,0.003066
2454930.81384,I,0.006456,0.000018,14.027043,0.003027
2454931.69868,I,0.006510,0.000018,14.017999,0.003002
2454931.82104,I,0.006303,0.000017,14.053083,0.002928
2454932.77631,I,0.006298,0.000017,14.053945,0.002931
2454933.69642,I,0.006303,0.000017,14.053083,0.002928
2454933.82459,I,0.006263,0.000017,14.059996,0.002947
2454934.70957,I,0.006303,0.000017,14.053083,0.002928
2454934.78366,I,0.006303,0.000017,14.053083,0.002928
2454934.79998,I,0.006240,0.000017,14.063990,0.002958
2454938.70452,I,0.006240,0.000017,14.063990,0.002958
2454938.80443,I,0.006292,0.000017,14.054980,0.002933
2454939.73011,I,0.006333,0.000017,14.047928,0.002914
2454939.82503,I,0.006286,0.000017,14.056016,0.002936
2454940.7276,I,0.006183,0.000017,14.073953,0.002985
2454941.70229,I,0.006188,0.000017,14.073076,0.002983
2454941.82936,I,0.006269,0.000017,14.058956,0.002944
2454942.68182,I,0.006228,0.000017,14.066080,0.002964
2454942.8547,I,0.006126,0.000017,14.084009,0.003013
2454943.69416,I,0.006098,0.000017,14.088983,0.003027
2454943.76024,I,0.006177,0.000017,14.075008,0.002988
2454944.69953,I,0.006087,0.000017,14.090943,0.003032
2454944.77471,I,0.006104,0.000017,14.087915,0.003024
2454945.69628,I,0.006143,0.000017,14.081000,0.003005
2454945.85154,I,0.006115,0.000017,14.085960,0.003018
2454946.75637,I,0.006154,0.000017,14.079058,0.002999
2454947.84036,I,0.006126,0.000017,14.084009,0.003013
2454948.86356,I,0.006132,0.000017,14.082946,0.003010
2454949.65899,I,0.006126,0.000017,14.084009,0.003013
2454950.69999,I,0.006149,0.000017,14.079940,0.003002
2454951.70715,I,0.006149,0.000017,14.079940,0.003002
2454952.80451,I,0.006166,0.000017,14.076943,0.002993
2454953.66332,I,0.006143,0.000017,14.081000,0.003005
2454953.76903,I,0.006143,0.000017,14.081000,0.003005
2454954.68344,I,0.006126,0.000017,14.084009,0.003013
2454954.78892,I,0.006154,0.000017,14.079058,0.002999
2454955.68738,I,0.006160,0.000017,14.078000,0.002996